1004238.144000
1772866.569600
6999886.924800
5074329.456000
366989563.432802
125086709.294400
25010999.596800
598676177.702400
544649652.959999
6677198593.783197
8352463017.863994

1879048.080000
3317242.572000
9871705.737600
4873809.696000
943494347.241607
274899632.145602
63787578.758400
1612100541.744001
1372222291.439993
5810586485.340001
10097275371.640825

909116.208000
1604939.767200
6991658.217600
5060175.120000
331845074.853602
116884547.472000
24595549.843200
554419687.382400
481992125.999999
6792750606.482394
8317106546.111994

1869691.824000
3300725.181600
9866219.932800
4873809.696000
934032369.547207
270930488.438402
62953960.339200
1600769755.872004
1355807260.079992
5838027536.527210
10082431817.438416

1994441.904000
3520957.053600
10044508.588800
4831346.688000
998238646.759207
278770315.252801
65183196.288000
1709415112.339204
1455123317.759994
4710721019.575198
9237842862.208775

834266.160000
1472800.644000
6813369.561600
4831346.688000
293321308.526402
100609404.134400
21484842.624000
507370962.403200
415740237.359999
7007797243.406399
8360336723.121590

1911794.976000
3375053.438400
10030794.076800
4831346.688000
955659747.134407
271459812.624002
63095615.654400
1645458825.091200
1384785664.079995
4846695941.841597
9187618859.848774

829588.032000
1464541.948800
6829826.976000
4831346.688000
289266175.228802
99147461.145600
21447321.638400
491248374.019200
416268825.839999
7021732353.132003
8353139359.219192

1835385.552000
3237408.518400
9410898.134400
4831346.688000
903618869.815206
261345152.107201
60166259.865600
1527696468.883203
1325551167.359992
5100342356.676008
9198129234.016808

1061935.056000
1874723.810400
7570410.624000
4965812.880000
412271885.256003
133653963.021600
29337060.480000
695928317.280000
599428932.479999
6551583304.005599
8437676616.784787

1735585.488000
3063975.919200
9413641.036800
4831346.688000
857660692.442406
248552363.270401
58446004.243200
1461426387.523200
1250953418.399992
5248878596.404794
9145188552.763197

1049460.048000
1852700.623200
7584125.136000
4958735.712000
407540896.408803
129926244.705600
28986864.614400
688809997.747200
593089269.359998
6558306761.546398
8422215807.583194
