900906093.360002
1590412722.343226
1518034647.158414
317040613.007995
7754766576.108817
11401041954.321608
126574054.118400
21717226857.110313
889995059.519908
143981112.508800
46360083849.878242

887571869.184000
1566883699.718426
1500932650.694405
299269844.159996
7746656309.513621
11363084211.494423
126642026.918399
21660385634.697556
923924882.159898
170969980.641600
46246676043.153694

882337043.951999
1557647725.586418
1489184799.715205
312433376.639996
7745980453.964022
11204203855.067995
126718428.345599
21858162068.467064
868968673.439897
174189732.225600
46220022870.688683

873275510.015997
1541642374.288814
1477179115.910410
296292715.487996
7734490909.620828
11187285567.091272
126936213.196800
21707806874.611172
948582215.279908
214807960.432800
46108670143.603104

990420513.264000
1748434596.300027
1660591513.593591
369633407.471992
8003481418.361487
12402188547.436863
127682282.649601
22335124391.193695
649163830.559981
9733375.092000
48296483703.988380

959848946.783994
1694477787.660028
1616938221.897588
343662559.967993
8004157273.911087
12198443634.014439
129095573.107200
22370780786.928055
727880731.199953
8163785.179200
48053449300.651047

971806241.951997
1715592518.388028
1636799578.176006
367323891.647994
8004833129.460687
12224745217.171263
127273358.284800
22426469846.390396
680564665.199974
4487496.283200
48159895942.955940

945223559.279996
1668647341.972824
1589928861.964797
341919217.583993
8005508985.010286
12064819603.015223
128792142.528000
22362594038.937653
805471482.479944
3959707.483200
47916864940.257759

1121525050.463998
1979881776.381634
1933817507.462404
261687723.024000
7743277031.765623
12769449736.175997
122370072.384001
21497389787.126328
312867203.039980
675855.549600
47742976691.390556

1117398941.568004
1972603113.012030
1923874486.262400
247148860.895998
7743277031.765623
12742259644.564770
123445402.080000
21056389209.945522
624048480.719991

47550445170.816078

1118281548.383994
1974172265.100029
1932190966.339202
268033583.663999
7743277031.765623
12745795955.474405
125391871.180796
21256755791.241638
485348582.880057
675855.549600
47650067493.941010

1117972791.936003
1973629944.115230
1924214606.160006
252301039.199998
7743277031.765623
12726805268.788832
123816261.676801
21038977465.430477
643383343.679984

47544377752.754349
