209562981.264000
369942745.687204
490038714.076800
155867548.031999
4334937495.134601
5087773488.235211
73996277.644801
12974658475.833637
585166439.760004
32455980.412800
24314955917.683201

212182732.944001
374573120.796004
501833194.396797
153602854.272000
4335613350.684200
5103873371.704812
74472359.136001
13023426864.672022
545401352.160016
30579737.210400
24355851934.730423

210436231.824001
371500886.181603
488000737.593598
157014049.248000
4334261639.585001
5076598210.135197
74376109.651201
12977151870.076818
585856763.520002
37239518.232000
24313126191.866379

211833432.720001
373956471.554405
498478624.761597
154607812.128000
4331558217.386602
5098385177.860804
75738556.454401
12977759906.764765
567892951.920004
47349966.434400
24337758121.152050

197625957.984001
348866555.536804
453563597.961598
144027445.968000
4198414674.115404
4739953148.044799
72599572.550401
12703613769.100779
568376358.480007
42921552.508800
23470154411.508083

189811924.848001
335091051.943203
442773019.919997
134820050.400000
4196387107.466603
4710942716.860797
73398932.678401
12678057883.545622
594491508.240000
53926362.823200
23409859069.295891

204323477.904001
360701265.758405
461098350.854398
150630443.712000
4197738818.565804
4846625362.084793
73405729.958401
12612791728.454395
573059284.560010
51243322.468800
23532172084.512005

196099328.880001
346179726.698403
449849708.111997
141356994.576000
4201118096.313804
4807959490.622383
72404082.777601
12672516317.059216
561495511.920009
35558796.789600
23484961598.263268

225792966.672002
398594912.234404
512135535.811198
163440117.791999
4367378561.515384
5127645305.126398
74857357.075201
13207954016.275232
496328589.120022
34844326.692000
24609207785.836834

221442307.632001
390928090.190404
511093232.899197
156598855.392001
4370757839.263382
5131039832.772006
73363314.931201
13275219739.219212
457263421.440009
21301765.884000
24609126448.384769

229761578.592001
405606544.459203
517358021.980796
166825363.152000
4371433694.812982
5219791823.769600
73184954.304001
13198727540.342390
466172856.240011
16828857.763200
24665978138.608814

225138028.752001
397438694.906405
514335343.535997
160132721.280000
4368730272.614583
5197212445.135215
74191767.417601
13167951415.718376
491899761.360019
27333376.274400
24624386172.052830
