577818979.920004
1020072737.628017
1021476054.076793
376458156.479995
7238412936.214686
9971081725.298370
118226722.387200
21224231894.006374
523628464.800021

42071407670.812553

569830296.672006
1005950368.836015
1017224555.356793
374773790.495998
7237737080.665087
9943518664.934408
118019813.183999
21375789550.684834
434767223.520003
679214.205600
42078290558.556000

585631453.680001
1033864758.612018
1033311677.932800
383108335.344000
7238412936.214686
10032258052.975166
118709873.049599
21176041066.051079
524782003.200028

42126120157.060791

571612663.440004
1009080414.316817
1022142579.359996
377642402.592002
7237737080.665087
9995307759.007193
117941780.409599
21310607130.086433
452683854.000005
1697412.763200
42096453076.641525

621766873.728001
1097632897.149621
1101730635.398387
425639755.968002
8131893972.785420
11319546903.386398
133555948.243198
23516541155.385521
750568252.559952

47098876394.606506

623382387.264004
1100479394.095224
1121720908.089595
431476060.511999
8131893972.785420
11295922660.864809
134636987.654399
23528125807.670391
753937904.159947

47121576083.097549

632423649.312005
1116454463.510424
1117137518.179199
435880418.064001
8131893972.785420
11328241368.208769
133391997.849599
23663793143.020756
646674426.719960
702484.893600
47206593442.545769

627497580.528004
1107752551.668023
1129230974.860795
436892453.088001
8131893972.785420
11370768864.403196
132893621.279998
23842884653.750381
504019111.680032
1789056.091200
47285671572.636444

615010097.520002
1085723858.671227
1090251588.854391
426642354.768003
7966985218.683106
11108398540.528746
130501250.611199
23263691095.881638
574006705.440018
2295539.416800
46263614846.920761

615053760.048002
1085784422.436029
1102646764.799995
429095773.008002
7966985218.683106
11113107714.105621
130553725.612799
23198737095.878433
615772992.240010
1351711.099200
46259274863.608696

624611175.552004
1102645925.136021
1103132258.524794
434325800.160001
7966985218.683106
11195874482.150410
129927832.070399
23152906515.446354
605354561.280017

46315763769.004768

616954639.391998
1089156722.976025
1107685476.508795
432816004.320000
7966985218.683106
11155439864.469666
130179603.321599
23296767995.827271
527999115.840004
2035963.288800
46326146914.084724
