1291163.328000
2279399.875200
7504580.966400
84926.016000
283859330.832002
96825366.355200
18895078.944000
624664050.393600
312621901.199999
4837675691.385599
6185831933.097596

852978.672000
1505835.424800
4852194.345600

268314653.191201
81972781.766400
19103619.494400
589215659.423999
301333418.399999
4876058688.043199
6143627279.714399

1291163.328000
2279399.875200
7707555.744000
42463.008000
297376441.824002
101746427.143200
19426354.348800
656870762.553600
325593710.399999
4784415701.906400
6196882207.219193

910675.584000
1607692.665600
5003053.977600

261556097.695201
81735688.641600
18237374.131200
578410359.273600
290091716.879999
4972472527.075202
6210025185.923997

19643459.472000
34678261.144800
168400492.847999
6746900.160000
1895098961.078269
1192727684.013597
41820401.145600
6103600094.995203
486411957.360001
405172542.129600
10355003407.173605

14343140.448000
25310147.889600
96352675.507199
3819311.664000
1882257705.635871
924177185.198397
47055666.201600
5670154854.470416
881928887.279988
479443857.715200
10026031982.400009

20256294.240000
35760150.216000
174218188.838399
6791722.224000
1896450672.177469
1218363673.514397
40621089.062400
6136103872.281589
455222638.080001
397667063.522400
10382963402.700006

15019909.632000
26510411.592000
100708404.518399
4097680.272000
1876175005.689472
945044924.762398
44850084.787200
5782225632.220801
779358331.919989
488541011.397600
10063399943.234406

32803033.536000
57904464.945600
316629681.446399
10802117.424000
2214778636.039039
1905523745.496004
42896818.406400
7163944771.401597
289879001.999990
400818354.501600
12436113536.011160

33429902.688000
59013883.000801
303255289.343999
12967730.832000
2241812858.023044
1871673778.900804
42918025.920000
7267541500.127993
310264444.559991
309685552.209600
12452874183.069578

33638859.072000
59382771.386400
322880756.015999
10955456.064000
2217482058.237439
1921624022.808000
42353579.788800
7203921926.140788
260849618.399990
388469260.116000
12461817642.254431

33601434.048000
59313948.926401
307567131.916799
13349897.904000
2239109435.824643
1882721452.063205
42505838.860800
7267631744.016016
297093714.959991
318282899.894400
12461665737.040823
