185745072.240001
327908740.017605
445060600.521599
141154115.760000
4149077218.994595
4739050855.106400
75769823.942401
12215684594.870390
761535663.839977
117757126.300800
23159400442.836006

187237395.072000
330540510.888005
453448396.060799
137969390.160000
4152456496.742595
4808696763.595193
75106681.305601
12222900259.449579
731172014.159972
105411722.438400
23205513780.119976

185696731.584001
327826153.065603
444215786.582398
140882824.320000
4151780641.192995
4754663555.527174
75898972.262401
12189187509.945557
779042658.239971
112303378.672800
23162575014.499146

186874060.464000
329885321.068803
452971131.043197
137867950.752000
4155835774.490596
4747296733.435186
74695853.702401
12275551206.643208
736582049.279972
91256390.836800
23189294076.597534

187553948.400000
331091090.568002
451868484.278396
143897697.888000
4179490718.726600
4816709093.380773
75602882.745601
12297518344.272003
751606437.119976
108747199.713600
23345446058.810379

188466183.360000
332715300.624003
451821854.937598
142043479.872000
4176787296.528200
4790971886.383189
76060475.635201
12335137322.659187
731321154.479988
122484332.661600
23348736270.199215

188202648.816001
332236296.302402
451747796.572799
144102935.760000
4178139007.627400
4823491847.193589
76722258.816001
12301533753.465637
741455099.279979
116226676.725600
23354540515.571918

188219801.952001
332280342.676803
452203118.371197
142456314.672000
4180166574.276200
4827011222.880014
76063466.438401
12287863135.900780
754070451.119981
105564061.478400
23346324107.450378

195916881.888001
345868649.179204
462403972.396797
151418368.416000
4203821518.512205
4892183869.389598
77377788.499201
12398937976.185625
710726795.519986
116129709.528000
23555091419.109619

199497209.184000
352181045.210404
472256477.817599
149613690.576000
4207200796.260205
4939768695.842383
75462043.104001
12489286902.153612
635488902.719993
99121015.728000
23620752826.036785

195350828.400001
344869347.060003
462425915.615997
150906453.264000
4201118096.313804
4920817787.239204
77045809.344001
12402777631.708830
686182217.279989
123725024.186400
23565712550.956860

198324558.432001
350110865.613605
470981028.201599
148962591.120000
4205849085.161005
4899557780.644800
75400867.584001
12510843652.003220
637877946.719995
100528108.665600
23598970408.490410
