128601738.720002
227026025.251202
535768382.889596
140085463.392000
3500255891.378475
3887792014.898385
78858779.865601
10078257515.827192
850244166.239981
492031932.470400
19920325581.239944

87546487.392001
154544963.277601
379694493.427198
91500705.072001
3187334771.913618
3647413456.797546
103387988.255999
7982637619.219183
1528229863.440007
1665053486.090400
18829237355.174431

127257556.608001
224653026.830401
533283313.315199
140054795.664000
3489442202.584873
3832042835.493582
79523010.067201
10059366659.193592
861351721.439985
533848757.047200
19883005945.067955

85010942.016001
150063244.682401
375933974.236799
90689189.808001
3119073361.404005
3550320277.610331
106330938.604799
7670544074.592007
1600793226.480009
1905521052.573601
18655294356.216049

147661991.568000
260652679.207203
555511794.364796
163777462.799998
3596227379.421693
4162895263.564788
77549079.955201
10392860136.422407
762037662.959989
465969551.594400
20586368581.430363

103172994.288001
182117993.652002
392034811.324798
111580989.744001
3340753981.672846
3926154627.712732
102628868.025599
8486418058.406410
1466383611.839994
1436363152.828798
19549559079.187225

145951356.095999
257660278.646403
560827539.215997
165947794.319999
3593523957.223292
4130368607.433596
79144265.625601
10356757551.235172
794172803.759986
485567417.311200
20571500397.084064

99800064.000001
176174486.006401
388603440.422399
110118375.024001
3306285348.643239
3913405555.382339
104281150.847999
8266072663.833600
1526789439.839994
1568090586.770399
19461478349.577606

142657953.984000
251837898.530402
537729558.105597
162421005.600000
3517828135.668078
4066202622.098385
79977612.153600
10027254925.027235
841804343.519959
533594672.721600
20162179261.056023

96798265.200000
170880662.383201
379486032.844800
102637808.448001
3271140860.064033
3807328043.366386
107942165.855999
8184520593.715196
1537799034.240054
1476643720.154402
19136481234.443989

142923047.904000
252305891.258402
543445766.707198
164178502.320000
3520531557.866479
4052146386.842393
77146137.196800
10057362061.353590
837535851.599960
521061388.041600
20169900261.419975

95288789.232001
168215856.732000
378783849.830399
102036249.168000
3259651315.720831
3846049840.449580
106500326.822399
8088768277.968007
1552730859.120049
1516775525.008800
19116948774.554455
