1425269.664000
2516149.137600
8264364.931200
4831346.688000
653552316.463204
193826780.263200
43303839.532800
1118732767.824004
947838113.040000
5805494914.783195
8780097867.475216

1498560.336000
2645535.362400
8648371.267200
4831346.688000
695455360.538405
202479497.791201
46133955.033600
1203549299.635203
1001605597.439998
5581925458.351197
8749025227.504789

1370691.504000
2419797.693600
8256136.224000
4831346.688000
623138816.731204
183797583.547200
42100177.190400
1075458900.297603
898428684.719998
5902446230.738408
8742313639.214407

1375369.632000
2428056.388800
8675800.291200
4831346.688000
635304216.624004
187123976.457600
44431100.448000
1105618111.785604
909900494.159998
5777973965.567997
8677974940.991982

513034.704000
905703.573600
5716208.601600
4831346.688000
91240499.196000
48121633.644000
8298663.206400
143330372.908800
131568351.600000
7457458902.768001
7891984716.890399

2242382.688000
3958667.899200
11177327.280000
2415673.344000
1202347022.738386
327010495.459202
77913957.945600
2094281624.131202
1732926951.840000
4052922784.159203
9507386117.762419

513034.704000
905703.573600
5718951.504000
4831346.688000
91916354.745600
46370216.491200
8354944.684800
141927598.243200
135315052.320000
7455919964.589602
7891773167.543997

2192482.656000
3870575.150400
11174584.377600
2642142.720000
1180043789.601590
322804258.627202
77389751.712000
2066958437.779203
1692195450.959999
4129221132.607203
9488777830.056017

1562494.752000
2758404.196800
9122893.382400
3526788.720000
789399281.932805
225789454.077601
54113417.971200
1376087328.806401
1132098179.519995
5296025983.903197
8890617427.960775

1139903.856000
2012368.730400
7647211.891200
3720231.312000
506891662.200003
153097962.309600
34215060.499200
862385683.689602
737679010.319999
6193375910.299202
8502167180.236796

1564054.128000
2761157.095200
9125636.284800
3526788.720000
781964870.887205
221112969.420001
52910571.302400
1361619310.329605
1123734726.239997
5316187775.959196
8874674931.511179

1110275.712000
1957310.762400
7647211.891200
3720231.312000
493374551.208003
146957171.608800
33483945.062400
847250156.323201
713331953.039999
6236379192.103220
8485303660.343994
