13207914.720000
23317049.448000
123814614.335999
6954497.088000
1605832785.849518
927646936.742399
40814947.488000
4892153123.692808
643949916.959994
692092894.063200
8970091451.630419

11522229.264000
20341166.277600
123447065.414400
4468052.064000
1589612252.659121
892210572.960000
41469933.388800
4904576896.195196
609128251.200000
753401530.795199
8950924839.343174

13706915.040000
24197976.936000
129355277.183999
7034704.992000
1604481074.750318
921289138.879200
40285847.212800
4948557624.863993
606738807.359998
693025696.792800
8989323357.789602

11539382.400000
20371448.160000
128461091.001600
4616672.592000
1549060919.683127
920031206.253598
41435131.315200
4730665976.400000
601139847.839999
890009335.807200
8898027384.792015

17485283.088000
30862743.962400
192930269.011199
6527507.952000
1772769106.600690
1221308826.981604
39396762.988800
5673754550.015998
425911567.200000
343492799.899200
9725170241.253599

15125947.200000
26694855.784800
197667261.455999
3939623.520000
1726810929.227897
1232984284.929603
41778801.792000
5435489973.983998
454936552.560002
508276947.864000
9644452751.169611

17494639.344000
30882014.251200
202626428.995199
6367092.144000
1754521006.761493
1239106565.037599
41126806.694400
5582149902.537602
427809807.600000
410073041.145600
9712749713.452812

14991840.864000
26460859.420800
206469235.257599
3852338.448000
1695721573.946303
1211936165.546401
42689909.203200
5365177854.086390
426855789.360001
614143786.183200
9608634854.061625

18247817.952000
32211664.178400
210698790.758399
6270370.848000
1808589450.729484
1283029051.012801
41267918.227200
5726240395.276810
456560702.640001
359775942.036000
9943230006.443995

16086522.816000
28396146.996000
213636439.228799
3807516.384000
1771417395.501490
1283793499.111202
40836426.892800
5591661904.214400
446648069.280002
486785132.030400
9883915167.873590

17803395.792000
31413323.642400
215156007.158398
6105236.928000
1790341350.890287
1300602298.900799
41406038.956800
5643947733.513579
454444949.280001
423356295.717600
9925599805.346403

15503316.192000
27363810.096000
219382819.756799
3505557.216000
1746410740.166294
1274762299.036804
42688821.638400
5492466118.406390
449177057.280002
576080637.535200
9847537496.764809
