2456017.200000
4335814.980000
11594248.444800
4887964.032000
1124623634.534399
346048837.075202
71996517.868800
1903616408.736003
1638062512.799989
4334357125.375197
9442493209.312777

845181.792000
1492070.932800
6906628.243200
5461214.640000
180453431.743201
83984922.588000
14224260.019200
316213104.144000
241775051.280000
7369270970.056802
8220626835.439206

2454457.824000
4333062.081600
11657335.200000
4895041.200000
1114485801.290401
337402814.868002
71730608.275200
1890391980.624005
1623443562.719992
4363791003.112803
9424664725.559980

884166.192000
1560893.392800
6925828.560000
5447060.304000
193294687.185601
91862164.430400
14111697.062400
331012805.894400
262937382.959999
7325452126.608000
8233488812.589592

2156617.008000
3807258.487200
28251894.720000
10174608.528000
167612176.300801
239670823.308000
11992577.049600
284603185.171200
148320448.080000
7550238294.160796
8446982952.760798

3516392.880000
6207785.892000
31592749.843200
13552776.720000
687345093.943205
435088726.867199
40283400.192000
1149346749.331202
896715770.159996
5908787351.275199
9172533184.533594

2212754.544000
3906362.829600
28246408.915200
10219430.592000
170315598.499201
229513233.969600
12127163.193600
299406437.500800
150979983.840000
7541687681.774399
8448675997.271996

3288723.984000
5805862.725600
31606464.355200
13571649.168000
594752883.648004
393754966.987199
39466639.027200
1006334153.260797
759557255.519997
6217848365.399997
9066151044.417587

606597.264000
1070877.477600
6190730.716800
3916032.960000
160853620.804801
77483372.248800
12741365.414400
246666134.064000
238782448.800000
7358878348.768804
8107189528.519200

2189363.904000
3865069.353600
10571145.849600
3625869.072000
1153009567.617594
330160053.132003
74888624.563200
1972496461.689605
1677774621.599993
4236463778.383204
9465225514.751982

608156.640000
1070877.477600
6187987.814400
3873569.952000
166936320.751201
72845090.304000
13278078.643200
262128018.835200
246518353.200000
7341135426.777601
8114581880.395203

2017832.544000
3562250.529600
10579374.556800
3651818.688000
1065148346.169608
302572574.539201
71919572.659200
1826434213.968001
1548584518.319994
4521010104.307195
9355480606.281588
