586325.376000
1029584.001600
8681286.096000
4831346.688000
56771866.166400
53690565.180000
5904117.408000
89979961.612800
69176718.240000
7677322082.304001
7967973853.072801

2669651.712000
4712962.060800
17557318.262400
4911554.592000
1267229155.499975
373967143.284002
83673973.017600
2203203038.131207
1814019301.919991
3883038377.114400
9655383467.133612

654937.920000
1150711.531200
8653857.072000
5659375.344000
55420155.067200
54874061.592000
5852186.188800
86086455.638400
67320660.960000
7682032837.247999
7967705238.561599

2507476.608000
4426660.627200
17546346.652800
5060175.120000
1187478200.647188
362238516.612002
81511622.304000
2079378659.702407
1684038315.119992
4143570348.624003
9568063890.940804

463134.672000
817610.824800
5658607.651200
4831346.688000
65557988.311200
67002438.300000
6680910.566400
87151037.635200
89299066.080000
7456573197.192001
7784035337.920805

775009.872000
1368190.504800
5853353.721600
7282405.872000
60151143.914400
63475579.608000
5578663.641600
85245264.249600
77571159.120000
7953757315.963198
8261058086.467200

764094.240000
1348920.216000
5494033.507200
6907315.968000
82454377.051200
116694715.435200
8009914.752000
82061874.115200
114160117.680000
7403499261.261600
7821394624.226402

757856.736000
1337908.622400
5847867.916800
7235224.752000
73668254.906400
87909562.104000
7338887.270400
81831974.112000
104715097.200000
7430051126.265600
7800693759.885597

2063054.448000
3642084.583200
10604060.678400
2415673.344000
1102320401.397603
304881672.530402
72151767.744000
1895830876.195204
1602674673.599993
4438395379.420804
9435212486.767202

667412.928000
1178240.515200
6379990.982400
4831346.688000
177074153.995201
75498800.395200
13592112.979200
286124016.595200
257681286.240000
7264913893.591200
8087941254.909597

1977288.768000
3490675.171200
10609546.483200
2415673.344000
1057038079.574407
294177823.783202
70724610.835200
1827374821.574402
1529753053.919990
4584107515.243196
9381821297.788801

704837.952000
1244310.076800
6363533.568000
4831346.688000
196673964.933601
77579469.794400
14139158.073600
318986994.144000
288373204.559999
7201039785.458399
8109936605.248797
