460840829.904002
813525523.574413
884509222.732793
238663336.464000
6603108719.591018
8246358028.843226
107068035.648000
20242304422.166409
315341213.039987

37911719331.964539

457587971.568002
807799494.902416
878433693.916792
254244901.343999
6603108719.591018
8274838348.156760
107710514.553599
20169315757.315269
349706661.359998
772057.053600
37903518119.762398

462585771.648003
816619781.376014
893955778.598392
240312316.608000
6603108719.591018
8235098468.469614
107461462.214400
20228193532.780766
330601106.639993

37917936937.927330

454405285.152004
802175323.471211
877295389.420795
251704198.031999
6603108719.591018
8222939765.896836
107614265.068800
20105555935.449524
419646674.160012

37844445556.243256

446619320.784001
788449372.048815
865147074.691194
228807200.495999
6267208511.439993
7856613559.015188
102002974.483200
19242954554.073620
262456375.439968

36060258942.472816

436488054.912003
770550026.652012
851726053.247994
237295083.983999
6267208511.439993
7816044247.233606
102417608.563200
18992583982.377632
452228036.400011

35926541604.811180

451044829.872001
796259344.809612
875847136.953600
231722993.711998
6267208511.439993
7869306705.724807
101734345.977600
19211495830.598476
277590919.199974

36082210618.288788

433827759.456001
765856334.880013
851833026.441597
234381649.824000
6267208511.439993
7860631145.337619
102159855.705600
18980575331.759987
437899969.920010

35934373584.765488

443363343.696002
782687555.697613
851879655.782397
228722274.479999
6332766499.751159
7911213112.454402
103440463.257600
19291083838.656105
383964552.720009
710161.821600
36329831458.317657

438445071.792004
773993902.550414
853198991.836794
239078530.319999
6332766499.751159
7852667258.167185
103384725.561600
19146481470.748905
511541301.600021

36251557752.328842

446938992.864000
788994445.932014
861158894.601597
230637827.951999
6332766499.751159
7893697365.556801
103569883.468800
19127623456.972759
503316392.880020

36288703759.980026

435341913.552001
768512881.836013
852557152.675197
236207559.167999
6332766499.751159
7817621586.045588
102855625.286400
19446929707.363174
326186073.359995

36318978999.038368
