1077528.816000
1902252.794400
7575896.428800
2415673.344000
492022840.108803
146785850.164800
32550270.681600
836130334.032001
717636030.719999
6240235327.031997
8478534625.041583

1780807.392000
3143809.972800
9202437.552000
4838423.856000
869150236.785606
249065933.760001
57233913.273600
1498731139.651202
1257045180.719999
5040870149.078401
8991163539.422373

955897.488000
1687526.719200
7567667.721600
2420391.456000
435250973.942403
132428719.315200
31375972.588800
747147493.411201
628722410.399999
6474826469.025620
8462383522.068004

1642022.928000
2898802.015200
9191465.942400
4831346.688000
805619815.123206
229696370.685601
55161558.547200
1398534978.153605
1159633760.879999
5246021527.689600
8913644083.612785

1099360.080000
1940793.372000
7693841.232000
4626108.816000
329817508.204802
107806086.309600
23918540.755200
581121522.374399
462816999.119999
6731296190.085599
8252136950.349596

2042782.560000
3606296.904000
10716519.676800
2623270.272000
978638835.820807
273748430.810401
62958310.598400
1707413473.315199
1405049755.199998
4707940802.107208
9155077159.737614

1049460.048000
1852700.623200
7737727.670400
4751138.784000
300079864.022402
105584421.331200
22863602.899200
531445960.550400
415646075.039999
6827816296.593598
8218829422.691996

2039663.808000
3600791.107200
10713776.774400
2623270.272000
970528569.225607
275217462.962402
62831881.190400
1702140567.321604
1385534564.400001
4734603446.781600
9150017128.559992

2050579.440000
3620061.396000
10063708.905600
4831346.688000
1029328002.040807
288370223.752801
67405363.065600
1794239041.190404
1478654301.600000
4544171613.995996
9222913916.176786

743822.352000
1313132.536800
6840798.585600
2415673.344000
285211041.931202
93242975.884800
20063123.539200
479768167.939199
415842996.239999
6869890562.152807
8175384965.428798

1991323.152000
3515451.256800
10063708.905600
4831346.688000
1000942068.957607
282149876.887201
66411872.620800
1743636482.313602
1437866223.359999
4636740307.701602
9188428267.955980

681447.312000
1203016.600800
6849027.292800
2415673.344000
258852675.496801
87021841.334400
19653927.283200
439157530.694400
373875789.839999
6957329092.744806
8147076545.328000
