582451886.016005
1028232328.485616
1019972943.561590
382851198.240001
7682450032.301655
10546885615.576845
126908752.185599
22394564045.817589
662359150.319995

44426675952.506126

614579709.744002
1084955800.017626
1090643823.897596
408373825.103999
7682450032.301655
10456920983.829603
124354334.361599
22737691132.060814
478147464.480027

44678117105.798584

590566878.720003
1042577682.048024
1032107543.779191
390968709.936000
7682450032.301655
10626411060.669621
124955485.804799
22648085756.553673
451759024.080022
1355789.467200
44591319778.622513

615827210.544002
1087163624.534425
1095838881.043194
410081781.648000
7682450032.301655
10558672137.081650
125950063.814399
22816268408.572826
372047521.440000

44764299660.981735

558789914.592006
986459848.164017
996803646.988796
367394663.328002
7258012747.153076
9865270056.902407
119271056.486399
21077742985.017601
730467496.079982

41960212414.713432

581177875.824002
1025991469.188018
1054382654.169596
382770990.336000
7258012747.153076
9972687420.763180
118248745.574400
21591965973.513638
328973557.919989
1475021.755200
42315780874.415977

566898669.792003
1000769414.047218
1008167491.631987
374412854.928001
7258012747.153076
10032542801.030386
119218853.376000
20992597728.748875
703126236.959978

42055746797.668961

581634772.992003
1026789809.724020
1057901797.948803
383688663.119998
7258012747.153076
9974846464.800014
120200924.390400
21222660466.828785
576244010.160008

42201979657.118446

576548088.480001
1017829125.432022
1025039084.294395
390662032.655999
7533761811.389732
10484249314.123217
124102291.219200
21863618421.052818
643462511.999973
1020837.501600
43660293518.150375

606243285.648003
1070249816.764820
1097931715.574397
409727923.248001
7533761811.389732
10420851715.310379
123120492.096000
22130084951.788849
496658257.200043

43888629969.022026

585693828.720009
1033950098.462422
1038076099.401590
398588460.816001
7533085955.840133
10528154864.875200
123788256.883200
21830786806.953506
643356554.399973
1260501.597600
43716741427.951134

607810458.528005
1073008220.961623
1104500966.822393
412424324.256000
7533761811.389732
10452499709.047218
123314894.304000
22090463446.732845
507019910.880046
1392014.971200
43906295689.905670
