430493813.567998
759987155.491203
744689772.892796
44130860.592000
4947262623.071881
5005201672.178370
94581976.070400
13756409322.364830
1784032901.280035
183246735.974400
27751883450.541534

418382140.175997
738597134.923202
723437765.097598
38804112.144000
4929690378.782290
4872038436.787162
101593506.336000
13508557294.848043
1971282171.600048
275643120.631200
27580629193.655884

422615846.015999
746060242.485602
732289111.142398
42514907.232000
4942531634.224684
4920870562.120769
94252172.044800
13710058286.198410
1846340568.240038
195246070.320000
27654084849.635899

405573425.711994
715968310.075207
703222574.409601
34581401.904000
4916173267.790298
4708648978.723153
105046524.576000
13309640533.392048
2152940479.200063
331536282.420000
27384585580.480820

431420082.911998
761578330.766406
751985893.276796
49577920.896000
4906711290.095902
5042944770.897563
99240288.000000
13205217407.356833
2026072646.640059
323616885.446400
27599863518.847157

435661585.631998
769110260.788805
754580678.947197
51333058.560000
4914821556.691098
5081310534.451192
97090444.281600
13217475782.044750
2020915510.320063
296741409.938400
27640893110.443161

422977621.247994
746712679.406403
739242368.726400
44439896.928000
4862780679.371925
4930822565.726371
104699591.404800
12838442575.996796
2211867698.880069
506537721.832800
27411096507.866489

425341635.263996
750888826.279208
739096994.899200
44364407.136000
4880352923.661516
4949377268.875176
98673666.739200
13040469940.713587
2114565835.200060
419505708.568800
27464879717.973549

921623962.896003
1626976718.892014
1655152338.134401
80082874.032000
6244905278.303205
9558868940.392773
101092138.963199
16508827786.416014
1187402448.959983
21574046.928000
37907060150.383209

928472742.287996
1639108742.140812
1672901659.564806
83541250.128000
6242877711.654406
9649807150.552811
99707940.864000
16795167500.697681
941185375.199942
24465343.946400
38077539835.221458

915334999.487996
1615879785.441619
1649115209.952001
79596908.496001
6241526000.555206
9509346015.489635
99649756.147201
16747269891.407984
1042871484.479949
29426502.688800
37930095902.395401

920257949.520001
1624573438.588809
1658377991.356799
80797668.000001
6243553567.204005
9570454996.116022
99361007.692801
16729018434.911913
1028725745.039949
18687312.084000
37973808110.515198
