366264675.504002
646573247.208006
763122077.020793
167257070.400000
5837364381.894617
6841867587.828009
94565390.707200
18139569756.604671
341404383.599991

33197988570.767952

371518213.248003
655847761.917610
783268695.148796
172107289.536001
5837364381.894617
6792454544.954375
94854682.944000
18188664502.847965
333022337.759993
1956509.083200
33231058919.335243

371195422.416003
655280664.847209
773081555.635194
171163667.136000
5837364381.894617
6893198249.347192
95308469.356800
18042898136.726387
380155476.960002
951985.053600
33220598009.373596

372561435.792001
657708721.236010
787613452.550393
172175702.160001
5838040237.444217
6845269598.479190
94560224.774400
18212618781.302437
291010349.279979

33271558503.019188

336985831.728003
594882073.951206
724403266.742396
143553275.712001
5505519307.041190
6334926253.504777
89384232.000001
17197712050.444775
320964562.799994

31248330853.924675

346231372.032002
611204008.564806
752970595.238396
148797457.200000
5505519307.041190
6355270182.676820
89357042.880001
17229350965.814392
289645495.439981

31328346426.887966

342429613.344002
604495195.164009
734132341.555197
147018728.976001
5505519307.041190
6384319604.258407
89824967.635200
17051002709.664021
395176466.160004

31253918933.798363

346139368.848003
611041587.559206
757663701.244795
148854074.544001
5505519307.041190
6374080095.700797
89082160.876801
17260918277.836800
258907795.439973
890809.533600
31353097178.625523

338754164.112001
598020378.127210
756967004.035196
165596294.976001
5562291173.207561
6610346939.145614
93822583.948800
17016073295.020761
457986732.000030
31449041.349600
31631416596.309593

352893026.304002
622961637.631204
794111388.335997
174898052.784001
5564994595.405959
6599138972.126419
92759217.465600
17115409624.588835
404874985.200029
17814929.176800
31739856429.019279

342757082.304001
605084315.421606
765343827.964799
167582620.128001
5558911895.459562
6627247504.214378
93729053.376000
16987977857.692793
459245628.240027
41939517.480000
31649922385.031857

351473994.144002
620470264.579206
796042391.625595
172805570.112000
5564318739.856359
6615651602.431211
93751620.345600
17126268183.427254
386700058.080027
21612747.441600
31749157978.910404
