9755456.256000
17211120.796800
72678684.892799
3949059.744000
1545005786.385528
714499823.704799
36643320.806399
4769689800.623990
669137637.839997
697601905.576800
8536445195.544009

7722029.952000
13632352.876800
68394271.343999
3965573.136000
1376717754.535156
635128370.990400
41373683.904000
4089268342.118400
705994089.359997
1291245357.175199
8233786311.542395

9839662.560000
17362530.208800
75553246.607999
3750899.040000
1537571375.339929
717033411.863998
37260513.830399
4734408878.639988
670790576.399996
725801263.320000
8530210306.497603

7377407.856000
13023962.330400
70958885.087999
4128348.000000
1290208244.186371
623535226.104001
39451413.120000
3819801276.076798
655533681.599997
1578098100.163199
8102645638.802402

17178086.016000
30325928.774400
195950204.553599
5501318.592000
1777500095.447889
1219106854.123204
38093860.358399
5743802447.644808
392067310.320000
276708982.116000
9696645739.620016

14405515.488000
25431275.419200
192241800.508799
3345141.408000
1715321384.884699
1161869344.288799
41912028.480000
5465127546.211204
440011125.120000
504842666.126400
9565297913.774412

17460333.072000
30824203.384800
205725908.707199
5366852.400000
1771417395.501490
1239777672.487199
38158298.572799
5708327723.212798
388934763.839999
298383726.748800
9705892503.434372

14712712.560000
25973596.404000
202363110.364799
3312114.624000
1707886973.839101
1222279648.497600
41976466.694400
5390127478.243196
439351389.120002
531725200.809600
9580947631.382401

18268089.840000
32244698.959200
209472713.385599
6140622.768000
1822782417.271081
1283511507.952797
39076747.046400
5917766034.364804
367475950.800001
334443890.911200
10031898240.957603

16607354.400000
29312862.163200
210342213.446399
3842902.224000
1795072339.737486
1286670124.000803
42233403.878400
5698349708.016006
436809606.239999
443059785.168000
9962853773.796007

17982724.032000
31740918.552000
215723787.955199
5902358.112000
1822106561.721481
1294485138.743998
40177090.732800
5877654549.379189
386720050.079999
339503262.352800
10032664168.463989

16010113.392000
28258502.076000
215534527.689599
3708436.032000
1776148384.348689
1284302343.492000
42236938.464000
5634570653.846400
428835197.280002
507851664.045600
9937812612.268820
