866827490.255996
1530283915.490417
1518339109.324822
251907076.847997
7751387298.360819
11211198889.934450
136290629.932799
20897261718.412891
1529885001.120062
603952404.367200
46299170323.038795

889485223.535998
1570280776.344022
1559523788.860820
249484326.335999
7768959542.650410
11386818729.888033
132153805.324800
21145936888.540714
1321661123.999989
522379284.672000
46547101023.074509

848579672.303997
1498052981.023211
1490026870.752021
247531027.967999
7721649654.178434
10982514300.374405
142186318.713600
20654841189.427200
1729616876.400055
730125714.847200
46047004199.851135

875528808.336002
1545634076.968818
1538823104.448023
244999760.879998
7747332165.063221
11173212790.454453
135419490.527999
20854876975.094486
1566806826.480043
612524913.991201
46296441383.051720

908642157.695989
1604100133.188023
1610906579.520021
276054374.063997
8110266595.198232
11834164619.928038
145124646.912001
21975841577.827103
1473222475.200036
453887114.503200
48393348308.642365

920033399.375992
1624210056.000022
1623737876.947224
267382484.207997
8119728572.892627
11925541964.363981
140927190.566400
22050041877.830513
1404302454.240052
399133812.588000
48476052831.594963

890229045.887996
1571593908.880828
1588450437.571213
274259132.447995
8092018495.359041
11668458187.024799
150317768.832002
21752952489.139290
1657948155.360083
541767530.270400
48190182813.360153

903178104.191994
1594412683.718429
1600867556.736021
263110233.791998
8099452906.404637
11746440163.752012
148360695.974403
21974147951.548828
1489555139.520082
503368168.161600
48324515440.807388

949009724.207991
1675328626.389620
1648676345.568011
170533799.184000
6726790285.167753
10297067048.990467
110929706.361601
17888481672.028782
1207090970.399926
55512256.212000
40730455200.439430

955836672.335993
1687383568.483207
1659113089.200018
167615646.912000
6733548840.663750
10328436202.308037
108853817.049601
18154723036.867153
1029020427.119928
21278005.392000
40846474380.196968

938465223.695997
1656708021.612011
1634871317.788821
168500292.912000
6726790285.167753
10168097841.316856
111994704.192001
17924538691.449699
1248807077.279975
56987941.701600
40636125367.471115

946597369.535999
1671064386.768024
1644849996.720007
164935759.296001
6732872985.114150
10229130022.675276
109780966.041600
18103552089.436749
1113164555.999935
25653318.566400
40741756022.301682
