217698245.856002
384315628.233604
488283256.540797
154263389.952000
4334261639.585001
4929381102.542396
73962291.244801
13200052202.265650
509807595.360014
33023511.309600
24325253846.863194

211680613.872001
373664664.324005
493678545.561598
145567909.536001
4330882361.837003
4931391274.151985
73336941.484801
13196177336.832016
503867572.320013
43057016.301600
24303519356.138432

217373895.648002
383732013.772804
489210357.551996
153855273.264001
4331558217.386602
4975274769.729609
73931567.539201
13142773962.729618
519032304.000010
42333169.956000
24329444435.956699

210405044.304001
371440322.416804
492688357.795199
145310772.432001
4333585784.035401
4986604827.892797
74088448.761601
13186818305.942364
487966335.360009
35933398.888800
24324841597.828850

235322313.408002
415417874.356804
513784020.153599
168924922.991999
4403874761.193765
5187917764.495193
73492191.360001
13403610162.499140
433529518.800018
23691357.664800
24859720930.480862

229585369.104002
405303725.635205
519450856.511996
159250434.336000
4405902327.842564
5168161842.026398
73748040.979201
13461167418.383976
409529722.560014
17882995.939200
24850261365.820847

236521473.552002
417532100.328003
515939941.439998
169639716.960000
4402523050.094565
5213385189.448799
73975070.131201
13320737276.918400
473044706.400017
30840440.887200
24854391211.221584

229232950.128002
404665053.206403
519426170.390399
158691338.064001
4404550616.743364
5182787967.235169
73721123.750401
13404377679.369560
437540713.680018
21650402.373600
24836778211.240772

230658219.792001
407189461.039204
501150211.699199
161140038.192001
4301144717.654618
5032402397.534386
73252927.104001
13105481045.865608
430866384.480006
33125470.509600
24276542313.273540

219756622.176001
387935689.629604
488801665.094397
149123006.928001
4305875706.501816
4994235524.392796
72798325.017601
13096000111.756790
470283011.520011
15285979.161600
24200397801.266315

230594285.376002
407079345.103203
500884150.166398
161029162.560000
4300468862.105019
5019502089.722393
73494910.272002
12973614605.548779
524751215.520014
37142469.067200
24228611617.224037

218722755.888002
386116023.787204
488006223.398398
149528764.560001
4304523995.402617
4972408384.742386
72550088.352001
13144617600.979200
444239832.960006
18325904.704800
24199277931.393620
