1197600.768000
2114225.971200
7200118.800000
14154.336000
299404008.472802
98864288.460000
20346706.060800
655931930.236800
333297227.759999
4805227022.047198
6223705091.771994

1100919.456000
1943546.270400
6322390.032000
70771.680000
282507619.732802
94235458.732800
18678653.548800
627751574.889600
308126100.239999
4921899702.299998
6262891738.840806

1526629.104000
2695087.533600
9397183.622400
84926.016000
326438230.456802
115265461.365600
20641164.230400
735386199.811200
345705462.479999
4643140350.660001
6200280695.279998

1121191.344000
1979333.949600
6456792.249600
80207.904000
304134997.320002
97751289.837600
20818981.075200
689834339.846400
323992950.959999
4730888827.223997
6177058911.710389

20694478.896000
36533714.666400
170336981.942399
4762934.064000
1941057138.451061
1204712702.088003
38347262.956800
6395406221.836788
411375783.840001
210005670.117600
10433683608.499184

13903396.416000
24544842.134400
99356153.635199
3689563.584000
1870768161.292673
892139287.485599
48508108.992000
5594520120.470410
918663387.599989
500234000.330400
9967763277.208780

21360332.448000
37709202.283200
178058252.198399
4883245.920000
1943084705.099861
1239230231.551200
38615619.571200
6424707376.684801
379624889.280002
203820031.363200
10471397123.056786

14364971.712000
25359700.060800
101778136.454399
3852338.448000
1865361316.895874
923384774.289596
47543167.123200
5630946696.009605
863388706.319989
513535543.584000
9990592339.929605

36408310.848000
64271918.944800
352314841.670400
11078126.976000
2248571413.519045
2010093234.962399
41171124.960000
7353983309.567983
200833634.399996
303974427.573600
12623071610.856009

29455053.264000
51988486.284001
265521181.027199
10990841.904000
2248571413.519045
1699312590.964802
44284007.308800
7314473351.875203
384908375.039998
314702506.624800
12364472447.913568

36812189.232000
64984919.630400
357082006.041600
11314032.576000
2246543846.870245
2023628810.565601
40983791.923200
7350825661.132804
190510765.199996
310096685.690400
12632953034.704773

29422306.368000
51933428.316001
267496070.755199
11130026.208000
2245192135.771044
1716185980.908002
43809013.382400
7302242790.057593
375400979.519998
328064291.772000
12371779168.056017
