814424659.775993
1437731471.282429
1431600306.729618
231220514.783998
7652712388.119270
10641671665.984848
137562265.075200
20823727447.891174
1597836409.680058
585083786.834400
45354528353.030342

852779071.871998
1505472042.211213
1489593492.172833
240876130.991999
7657443376.966468
11000439643.368019
133427071.814399
20752730066.207947
1475694286.080001
557653269.432000
45667477463.294334

796048972.992000
1405294069.435215
1402040047.564820
226587328.799998
7624326455.036085
10463833311.792048
142719225.465601
20638610308.377682
1735382369.280038
707628835.200000
45144084386.301620

839279553.840002
1481612671.778414
1468783091.664023
236268894.623999
7641222843.776076
10816929564.772903
135847991.059200
20620410927.043228
1615236047.040059
623318440.852800
45480553130.946991

918084179.375992
1620730392.422419
1620685026.576025
278370967.055996
8101480473.053436
11826649319.251183
138706111.353600
21993341199.177635
1441451188.800027
242219787.314400
48183448892.006264

933568783.055993
1648063920.636027
1630427815.900821
275259372.191999
8105535606.351034
12013833947.438437
137436107.558400
21944967516.393627
1389776466.960024
219629359.101600
48299673371.611031

899546317.487995
1588042476.820820
1595798673.100817
275995397.663997
8067687695.573454
11590929916.742495
144566182.387200
21740990587.814369
1638191261.280050
385570168.216800
47929685723.891716

916521684.624000
1618013281.701625
1607883901.075219
270748857.119997
8080528951.015847
11819373868.596060
141239865.446400
21854229210.240158
1481309039.280003
322564260.664800
48114162859.509712

941964463.439999
1662929571.996022
1636843464.614407
168698453.616000
6748417662.754942
10212129027.794456
110428882.771200
17926137339.734447
1283288079.359958
37465691.726400
40728967503.755882

956192210.063998
1688041511.200815
1650541519.200010
167375023.200000
6748417662.754942
10310313938.114420
109694776.531201
18199747339.939190
1049202151.199919
35317407.384000
40915511950.118568

931094053.343997
1643736364.351217
1621082747.424014
166780541.088000
6743686673.907744
10102425802.644072
112772856.806400
17923823841.503925
1327459803.599976
63783840.254400
40637403238.118195

946109284.848003
1670235764.349620
1637482560.873612
165296694.864001
6750445229.403741
10215024950.961676
109571881.708801
18267930887.606369
1057355488.559930
26799431.937600
40846889472.093567
