892830085.055994
1576160967.326417
1484206431.859209
289559969.663997
7794642053.535196
11262696540.631193
127141762.943999
22014630767.942497
868850920.559939
178487556.408000
46489698549.252052

949277936.880000
1675832406.796838
1594336706.121614
325988512.415995
7793966197.985597
11840547229.862360
127876412.966400
21659366618.467113
812669202.239960
185529014.697600
46965446453.940140

881852078.016002
1556780562.590428
1462592360.947198
289760489.423998
7783828364.741602
11120878618.499998
126768728.217600
22107363316.079994
848615617.919941
211307679.105600
46389747815.543854

939425799.311998
1658412065.721620
1575860515.555207
326391910.991995
7782476653.642403
11766997949.347206
127011255.167999
21565606177.651100
882555836.399918
216816926.524800
46841600278.233391

920958109.343996
1625845277.649634
1542657682.003204
305813865.503996
8039301762.490269
11763384839.169603
135934996.243200
22567213326.470436
913707770.639881
227990743.209600
48043356849.246971

978572374.415998
1727526332.952024
1646690484.230397
343988109.695997
8043356895.787867
12256193926.653650
133971669.888000
22428685111.929699
769272567.839896
205209831.220800
48533711464.912949

918475582.751998
1621432381.514425
1541930812.867204
311105228.111995
8044032751.337466
11768938804.694372
136010038.214400
22561885386.499031
928520043.359879
210837035.438400
48043632360.998260

979046424.720000
1728365966.964020
1651243702.214406
351938128.415995
8038625906.940669
12278446416.095997
135796331.731200
22291078864.454350
837371717.279904
225314246.236800
48517309416.357635

1136381225.615999
2006144427.117629
1969447809.638397
199722399.072000
7560796033.373718
12498839835.451202
123714574.367997
21105069130.185596
208432993.439989

46808548428.263939

1165153272.192008
2056932649.699227
2014837358.553602
205796968.272000
7560120177.824119
12748585541.193649
118909169.299201
20862911344.060856
247851619.679972
2129239.963200
46983250473.482582

1134706455.792000
2003179555.540833
1969664498.927993
202345669.344001
7560796033.373718
12489193847.390419
120184610.918400
20790758544.729542
428393973.840003

46699223189.858467

1164262868.496004
2055369003.408029
2014623412.166401
209385092.447999
7560796033.373718
12760526842.761621
120117453.792000
20540708412.806381
459665060.400013

46885454179.653809
