583574636.736003
1030214415.333625
1034751701.692791
386234084.544002
8065660128.924655
11245967297.006380
132193773.331199
23590987924.761692
555635856.720021

46625219819.051628

655814289.312001
1157747939.510426
1172919924.287997
440893412.064001
8065660128.924655
11058567237.026468
132978995.116798
24051498934.646431
338247047.039986

47074327907.930305

595117137.888000
1050610639.579229
1051085685.484790
398114290.559999
8065660128.924655
11316788431.216795
131693765.414399
23550147091.632027
546332379.600026

46705549550.301712

658996975.728005
1163361099.348030
1180106328.575997
444196090.463998
8065660128.924655
11143819150.615259
131126600.371199
23949845556.268784
365104699.680003

47102216629.977692

550858928.256001
972453101.104818
977633502.115195
362016015.647999
7163392970.209126
9950970556.984835
118077726.009599
20585122016.255905
759455096.399986

41439979912.984970

590637050.640002
1042687797.984016
1071182931.369595
389256035.279998
7163392970.209126
9888612702.108004
118755550.771199
20887659472.848068
586193228.880006

41738377740.091156

558969242.832004
986762666.988016
990195995.107198
370124091.120001
7163392970.209126
10049724569.572811
118126666.425599
20523070318.867218
751217992.559986

41511584513.683319

592015539.024003
1045113101.474418
1075308256.579200
390598338.143999
7163392970.209126
9954183129.441610
117807466.156800
20834241896.428860
589700425.440003

41762361122.899071

553617464.400005
977333989.968017
972844394.524789
376262354.832000
7335736135.357036
10172192620.749605
120415990.329599
21368369431.919914
592614459.359995

42469386841.442436

604072634.256000
1066398511.903214
1078706712.652797
411582141.264000
7335736135.357036
10107013278.919180
119243051.692799
21839621535.648109
308710466.399985

42871084468.094475

563366683.152003
994547863.663221
986846911.276795
385759914.287998
7335736135.357036
10245805309.891180
119644091.212800
21466260379.871990
489960337.440023
675855.549600
42588632915.925613

603182230.560002
1064823854.018416
1081460586.662397
412086979.247999
7335736135.357036
10180044656.678408
119994015.187199
21699547043.865520
365180069.520006
1057782.717600
42863113353.815956
