116853399.936001
206285688.705600
656853809.337596
144374227.200000
3455649425.104867
4139707004.579986
83379242.956801
9914298573.648001
709147427.519966
1503110455.224000
20930630217.671997

90085151.520001
159034940.568001
515849425.660798
106112697.936000
3200851882.905620
3662325905.431188
93164607.244800
8831898291.014395
982000042.799973
2415771898.562398
20058711466.735191

116993743.776001
206533449.561600
659382765.350399
144355354.752000
3454297714.005667
4131328007.519990
85189494.566400
9902179263.311993
716932112.399969
1509505622.133600
20927431237.776020

91162680.336000
160937193.362401
519799205.116799
106785028.896001
3207610438.401621
3595877603.387996
95562143.846400
8834239602.115187
1030591598.399971
2400842218.823998
20045395615.207176

133713373.248001
236055532.003201
643997825.788798
170340356.591999
3633399434.649700
4381843281.311994
91387254.470400
10322832654.623970
797408309.039963
1520162613.631199
21932902412.366394

105064517.376001
185479282.598401
521362659.484798
131000738.736001
3404284403.335258
3905951300.277578
103032354.566400
9231488167.103992
1147714530.479984
2345178515.215200
21081783698.085670

133398379.296001
235496693.628001
644960584.531198
169993575.359999
3635427001.298500
4378818571.679989
90976970.649600
10332261217.689590
798829540.319963
1507847447.668799
21929240023.908024

105875392.896001
186910789.766401
524143962.518398
131536244.448000
3393470714.541656
3867543395.587183
103517136.576000
9228213053.673580
1139087582.639977
2384472621.283200
21066956691.261623

123744282.480001
218447993.836801
606836984.073597
152909291.808000
3623937456.955298
4121437837.171190
89987014.790400
10479493973.020777
796481679.839968
1147706813.567999
21362575254.518501

103799863.440001
183246681.996001
537021889.286401
114586427.088001
3416449803.228060
3812017524.823192
94249996.915200
9706730234.207985
905539839.119966
1875566799.069598
20750557537.567215

123574310.496001
218145175.012802
607517223.868797
153201814.752000
3630696012.451299
4125787826.479173
93775546.771200
10459644164.121599
824871519.359973
1129473323.882401
21367591425.247215

104886748.512000
185151687.688801
538426255.315200
114874231.920000
3402256836.686457
3766542512.107181
90363312.211200
9700712594.227179
895755954.239966
1911765713.709599
20713040914.221622
