411609770.208002
726635791.375211
799366789.334393
209300166.432000
6078644813.101691
7462016556.976809
98727773.088000
18713440404.489609
302791834.799987
990369.693600
34803524269.500046

429249431.520002
757765566.482412
842452300.233594
219717757.727999
6079320668.651291
7549392068.786405
98458872.691200
18701995704.201637
267771848.399973

34946124218.695267

414583500.240004
731888321.522415
808072761.551996
211442189.280000
6079320668.651291
7478774944.939181
99411579.456001
18714944962.425571
293747054.159984

34832185982.227158

425901451.248002
751863352.312815
839174531.865593
215957422.463999
6079320668.651291
7518250556.375976
98932507.161600
18692009108.438423
289739257.919979

34911148856.438370

437840033.904001
772945048.260014
846522767.395194
231100202.927999
6115816868.329672
7802470468.917583
100741127.424000
18220861450.915207
563056887.120007

35091354855.194328

448136593.632002
791130695.090413
872923202.995193
236530749.839999
6115816868.329672
7822802976.659974
100207676.889601
18289438816.991993
506792002.080012

35183779582.509445

436732876.944000
770987737.497612
850963526.380792
228698683.920000
6115816868.329672
7794834652.466411
100741127.424000
18243864174.144119
551390555.520010

35094030202.627251

441239473.584001
778949119.670416
869779836.844797
229970215.104001
6115816868.329672
7739359981.214419
100272658.886400
18340587869.183975
514540901.280015

35130516924.098335

433997731.440001
766156400.805612
838881041.308791
228356620.799999
6238822578.356808
7892193281.431241
102023910.105600
18611431376.428715
593620256.880002

35705483197.557655

445512163.824002
786461779.404013
866666642.620801
236240585.951999
6238822578.356808
7860422015.023210
102294713.740800
18687390396.662395
558225020.640007

35782035896.224731

439701928.848004
776215491.559211
850022710.857597
233034628.848001
6238822578.356808
7942773279.336011
102446157.139200
18597234681.379227
577227016.800001

35757478473.124664

445189372.992001
785905693.927215
868682675.884793
236042425.247998
6238822578.356808
7874819317.797613
102003518.265600
18676541601.916805
558461126.160001

35786468310.549660
