53935697.088000
95197979.570401
590302768.406398
4475129.232000
3261003026.820031
2920679312.779182
78179323.756800
9309803588.399979
1202923438.079993
997146763.687200
18514956617.774372

41117626.368000
72580166.316002
479409967.276801
521351.376000
3116369939.205605
2532115976.308805
101379799.852800
8326401146.784006
1665522524.400030
1589565757.264800
17926716264.072052

53283877.920000
94066538.328002
588352564.799999
4335944.928000
3259651315.720831
2917164269.359185
77786984.755201
9241925982.307226
1245389045.039994
1000969689.904800
18484332328.392010

41296954.608000
72902255.428802
484703768.908799
544941.936000
3106232105.961603
2519529954.732010
97795730.054400
8357202125.462379
1623045721.920013
1610569550.385599
17916061993.485634

66237614.352000
116934865.336802
626311591.113598
24140220.048000
3372519192.504052
3356431664.090384
89166447.148800
9362299789.516771
1252381247.039996
1623891781.360800
19891434892.140072

61514264.448000
108590830.286401
562813400.553599
22319028.816000
3340753981.672846
3183507675.364789
92286942.451200
9116246130.364780
1419372223.920010
1756078111.670399
19665438716.784019

66367042.560000
117163355.904001
624454646.188799
24161451.552000
3397525847.839256
3366473069.920785
88984823.827200
9446966605.238407
1259995000.319997
1546086861.782400
19939873534.929562

61086995.424000
107839289.023201
554551778.524799
22236461.856000
3331967859.528044
3127542670.324783
91791828.576000
9119170328.217585
1421289256.800008
1782699890.697600
19621263617.894386

14319749.808000
25279866.007200
33169918.723200
488324.592000
470395462.521603
277715211.463201
37122121.209600
872226705.705600
566638253.999998
6937453929.991200
9235325745.458397

14287002.912000
25222055.140800
30753421.708800
353858.400000
470395462.521603
271422791.438401
35739826.348800
886293508.732800
560844772.319999
6930016502.152803
9225329201.676004

14531824.944000
25654260.189600
33529238.937600
542582.880000
475126451.368803
277631716.874400
36946751.385600
881838123.600000
573238412.879999
6920221727.630398
9239598985.478392

14276087.280000
25202784.852000
30753421.708800
316113.504000
479857440.216003
268339793.131201
36958442.707200
894504814.896000
582739011.119998
6903866226.448795
9236873502.108002
