53962206.480000
95261296.233602
596367325.612799
1660775.424000
3329940292.879244
3006853999.111192
95282095.910399
9163053120.076790
1446800048.400013
1164036625.029599
18954062719.048817

48284518.464000
85235240.260802
532076436.259198
3500839.104000
3411718814.380859
2775742158.839990
90114531.763199
9356838406.944004
1659329802.480030
876667070.848800
18842267267.123997

53712706.320000
94818079.591202
601452666.662400
1651339.200000
3342105692.772046
2997935831.805585
96312563.558400
9172217756.755194
1479146704.560015
1133480788.255199
18975115028.755219

47957049.504000
84659884.495202
528337860.287999
3385245.360000
3417125658.777660
2758375678.211989
89624040.038400
9382892852.995209
1664280421.440028
854881888.408800
18834207820.192795

46285398.432000
81711530.308801
455810035.027198
3696640.752000
2776414597.756742
2379335450.973598
74372031.283201
7745182279.363207
1201554985.679978
2071802359.435201
16837535258.812780

43004471.328000
75916679.176801
410905979.836798
3090363.360000
2768980186.711141
2250207524.812825
90030245.491199
7544292579.398401
1384150518.240015
2160286785.501596
16731865315.704086

46547373.600000
82168511.443201
458407563.599998
3715513.200000
2808179808.587948
2402762378.452801
79506696.595200
7781193733.017593
1253196120.959987
1982778519.220801
16899518495.596851

42583439.808000
75176149.507201
407161918.060798
3043182.240000
2720994442.689532
2185579562.342413
83897739.475200
7507416263.827201
1309856047.919994
2300283564.381598
16638139511.028040

14315071.680000
25271607.312000
33035516.505600
441143.472000
460257629.277603
270749320.934401
36360010.176000
851860879.296000
556819183.199999
6986491517.107202
9236048764.135202

14335343.568000
25307394.991200
30901538.438400
353858.400000
464312762.575203
270439366.965601
35833628.812800
869905810.435199
556079279.279999
6969964014.753606
9237500925.038408

14623828.128000
25816681.195200
33488095.401600
424630.080000
483236717.964003
277445823.261601
38070477.715200
899195721.782400
584762601.359999
6915890480.822401
9273293458.296000

14375887.344000
25378970.349600
31019483.241600
356217.456000
460933484.827203
265069719.684001
35417091.494400
857742413.740800
557712825.599999
6980583993.062399
9228864283.077585
