1322350.848000
2334457.843200
8253393.321600
2684605.728000
648821327.616004
188879725.876801
43381600.416000
1110046275.811204
943206766.320000
5792086486.300804
8741250226.749596

1458016.560000
2573960.004000
8579798.707200
4597800.144000
688020949.492805
202171119.192001
47313962.841600
1193710052.908802
987988046.639996
5613516568.850397
8750161252.912783

1250619.552000
2207824.516800
8258879.126400
2679887.616000
620435394.532804
188366943.072001
42890564.908800
1067062076.371203
894379704.959999
5886665999.356809
8714446884.376795

1384725.888000
2444573.779200
8593513.219200
4597800.144000
653552316.463204
197728970.762400
45958857.100800
1135689742.320003
934537835.279999
5724309625.893596
8708919160.351187

678328.560000
1197510.804000
6042613.987200
5067252.288000
173019020.697601
75765037.857600
12732936.787200
286219586.352000
246320632.320000
7195655206.151999
8002698125.805598

2222110.800000
3922880.220000
10818007.065600
4942222.320000
1133409756.679198
328743795.861602
74520755.769600
1975429831.872006
1622460955.920001
4640338054.027205
9796924843.927229

667412.928000
1178240.515200
6039871.084800
5071970.400000
166936320.751201
70943619.196800
12742181.088000
272632703.280000
241281248.879999
7217599842.784800
7995265985.851203

2125429.488000
3752200.519200
10815264.163200
4942222.320000
1092182568.153605
319026916.168802
73280388.115200
1908077415.619200
1559439974.399999
4775881037.138397
9749906892.633621

876369.312000
1547128.900800
5680550.870400
7867451.760000
95971488.043200
170008767.280800
9285628.262400
68692168.137600
133435004.640000
7299052522.675198
7792503621.252001

898200.576000
1585669.478400
5727180.211200
7964173.056000
77723388.204000
126367484.779200
7426980.019200
70310344.608000
104208300.000000
7352781452.503199
7754993173.435198

888844.320000
1569152.088000
5694265.382400
7916991.936000
100026621.340800
162843592.497600
9274480.723200
86678218.838400
136056955.440000
7285281747.189602
7796315048.071200

874809.936000
1544376.002400
5702494.089600
7971250.224000
73668254.906400
115256009.148000
7029746.976000
71318709.100800
97997985.120000
7364819457.374398
7746183092.877597
