864268554.239997
1525727868.638421
1520725434.412821
242206638.575999
7813566008.923986
11215343687.352070
135752285.356800
21128130733.852718
1544274443.040026
402134919.664800
46393657055.222534

896092299.647997
1581928289.474423
1584898378.963219
269982163.919998
7818972853.320784
11608041975.180025
133607335.680000
21182028821.990398
1321878836.880006
371351457.976800
46769493834.352661

846497905.343993
1494386120.354411
1493707845.772825
235756979.471998
7793966197.985597
10949333865.859198
141678697.843200
20980289645.952026
1724288408.640104
498828530.743200
46160993781.772614

881541762.191991
1556235488.707224
1562209090.310423
265490521.295998
7816269431.122385
11371893284.455238
135663376.934399
21098233673.462448
1492453179.840034
389977074.748800
46570994745.760658

900350955.503992
1589460219.496821
1617102796.041628
263508914.255998
8137300817.182218
11802060950.534420
146321240.083200
21984700272.931168
1558974360.720060
504238110.045600
48505543298.688080

935265384.143995
1651097614.672828
1670400132.576028
293905350.815996
8138652528.281417
12196538618.325632
144129253.228800
21991898184.614479
1357659318.960043
492958333.761600
48873858727.562622

877053878.063998
1548293376.823220
1584766719.648022
257910874.367997
8102156328.603036
11575190005.226471
151895825.356802
21853739822.073639
1666260229.200083
645390076.665600
48263404894.807205

922868344.943997
1629181790.510430
1655626860.249623
293320304.927997
8132569828.335020
12014996176.360918
147748396.992002
21982242384.480042
1438991972.880056
532992233.793600
48752595802.142410

940919681.519997
1661074118.474418
1637235699.657604
124763394.672000
6204353945.327226
9540747857.726406
100501591.276801
16506177279.043213
1086034812.239938
47994618.470400
37850102482.567192

952675817.183996
1681817207.918404
1654814961.139195
130337844.000001
6205029800.876825
9659496067.435173
99123918.566400
16514605466.419189
1022884682.399925
38150131.840800
37959210591.859238

935681737.535997
1651802356.663217
1628949391.507210
122354798.496000
6204353945.327226
9474343666.032022
99820231.929601
16542331643.510355
1096561999.679938
42161796.532800
37798653486.400833

947295969.984000
1672316955.540010
1647151291.833610
129620690.976001
6205705656.426425
9571221413.426378
99662535.033600
16574930102.908752
1028144977.439955
35076583.752000
37911306639.107971
