1298960.208000
2293164.367200
7817271.840000
4946940.432000
575828928.259204
176440213.672800
39486215.193600
989370669.369601
829989671.279998
5955412607.709597
8582884642.331978

1465813.440000
2587724.496000
9095464.358400
2415673.344000
729248138.018405
206820034.881601
48881959.392000
1255009323.388803
1057702149.839999
5530997397.727211
8844469622.469601

1206957.024000
2130743.361600
7820014.742400
4961094.768000
532574173.084803
168311700.379200
37898914.368000
919345554.624002
762365131.919998
6095894790.350397
8532627517.226385

1503238.464000
2653794.057600
9117407.577600
2415673.344000
748172093.407205
215064337.840801
49471691.404800
1289813580.115202
1082149766.879998
5469622415.544006
8870205523.989609

2325029.616000
4104571.514400
10889322.528000
4831346.688000
1193560900.593587
333608143.344002
76850591.462400
2072388752.784001
1720122275.760000
4024923220.466402
9443939396.606400

578528.496000
1021325.306400
5982270.134400
4843141.968000
125033276.676000
58870380.424800
10250570.131200
203447300.515200
178654309.680000
7370794226.510399
7959475329.842393

2220551.424000
3920127.321600
10894808.332800
4831346.688000
1148954434.319995
320147791.639202
75825289.747200
2006715464.611202
1648533322.799997
4171805072.215201
9394286429.740807

552019.104000
974526.033600
5976784.329600
4852578.192000
112192021.233600
55230882.806400
10166011.968000
181714501.113600
158437399.680000
7414967030.318402
7945063754.779196

1564054.128000
2761157.095200
8598999.024000
4831346.688000
732627415.766405
217305694.939201
48062751.206400
1248148124.966403
1066287914.159999
5520439288.660797
8850719983.324791

1336385.232000
2359233.928800
8387795.539200
4873809.696000
594077028.098404
180985154.968800
40903312.128000
1019789073.139204
857413897.199999
5901128116.195199
8611328138.380777

1492322.832000
2634523.768800
8607227.731200
4831346.688000
698834638.286405
212218432.658401
47386285.900800
1197147013.574401
1010330905.919998
5632634472.628817
8816338695.343189

1274010.192000
2249117.992800
8385052.636800
4876168.752000
567042806.114404
179249885.354400
40148270.265600
973875645.859201
814891512.959997
5990189025.575996
8582402233.372782
