1411235.280000
2491373.052000
8626428.048000
4831346.688000
644766194.318404
191325881.023200
43421840.313600
1119032495.884801
924772742.879997
5744670078.453598
8685824961.727184

1380047.760000
2433562.185600
8080590.470400
4831346.688000
635304216.624004
189279475.912801
42983551.699200
1093755330.796803
916813927.680000
5764486158.849605
8659596909.146391

1454897.808000
2568454.207200
8615456.438400
4831346.688000
659635016.409604
193413639.585600
43382959.872000
1154712266.265604
940493651.999998
5682818952.803997
8691926642.078386

1353538.368000
2389515.811200
8072361.763200
4831346.688000
622462961.181604
185874314.522400
42363639.763200
1080811990.204802
890221568.879998
5806638980.973611
8645125560.002388

2296960.848000
4055019.343200
11026467.648000
4831346.688000
1173285234.105591
327450023.577602
78605377.267200
2058470186.438401
1676926560.959998
4137672496.708799
9474856614.770418

675209.808000
1192005.007200
7131546.240000
4831346.688000
125709132.225600
59305576.276800
10646987.500800
206370314.841600
178278260.160000
7365696644.359200
7959837023.107199

2328148.368000
4110077.311200
11095040.208000
4831346.688000
1178016222.952790
330652356.132002
78241586.841600
2062936519.190399
1685405967.839998
4121096477.769601
9479068677.271225

653378.544000
1153464.429600
7161718.166400
4831346.688000
114895443.432000
58777433.618400
10474880.371200
191562920.169600
158781262.080000
7401879205.543202
7950171053.042398

1124310.096000
1984839.746400
7463437.430400
4831346.688000
465664473.674403
145426700.042400
31734325.190400
798043566.835201
671473902.959999
6405866018.244005
8533612920.907197

1726229.232000
3047458.528800
9419126.841600
4831346.688000
826571337.160806
241794815.371201
54382862.150400
1457749762.761602
1171173543.119998
5176074371.748001
8946962446.934376

1155497.616000
2039897.714400
7474409.040000
4831346.688000
479181584.666403
149212313.191200
31747647.859200
829932798.038401
685203009.119999
6360065853.640798
8550844357.574396

1560935.376000
2755651.298400
9405412.329600
4831346.688000
752227226.704805
223390166.176801
52708012.358400
1319305874.476802
1069367081.999996
5412388264.365597
8848228926.146393
