2200279.536000
3884339.642400
10823492.870400
4862014.416000
1134085612.228797
317994261.396002
75061003.584000
1960932521.116800
1639669669.680001
4269598155.328805
9419576745.566401

670531.680000
1183746.312000
6220902.643200
5067252.288000
168288031.850401
76450717.476000
12773176.684800
269163491.520000
244551140.399999
7214660253.091197
7999029243.945599

2165973.264000
3823775.877600
10634232.604800
4831346.688000
1119216790.137600
318370774.730402
74301067.680000
1937886599.174400
1614165075.600000
4283349462.604801
9369049620.504005

656497.296000
1158970.226400
6209931.033600
5053097.952000
160177765.255201
74553184.792800
12514608.153600
261432401.193600
228423593.999999
7241318819.397599
7991498869.300797

1367572.752000
2411538.998400
7987331.788800
4833705.744000
588670183.701604
175765955.484000
36925271.980800
1024843914.393603
839838730.079999
5947980339.806396
8630762679.453602

1389404.016000
2452832.474400
8906204.092800
2418032.400000
687345093.943205
195966132.180001
46353371.232000
1203754049.702401
982376292.239998
5601106788.748798
8732105905.941582

1283366.448000
2262882.484800
7990074.691200
4831346.688000
555553261.771204
171538057.320000
37654756.070400
969752239.881602
789766566.959998
6065082398.239212
8605928599.060799

1403438.400000
2477608.560000
8944604.726400
2420391.456000
692076082.790405
197420986.005601
46025198.553600
1218169697.136002
984899482.559997
5584871913.297597
8739044541.376781

653378.544000
1153464.429600
6377248.080000
3456017.040000
202080809.330401
85132579.341600
15426019.123200
326562154.867200
294502751.759999
7115362747.987199
8050707170.503200

2097360.720000
3702648.348000
10420286.217600
3871210.896000
1092858423.703204
306868607.438401
71891295.974400
1907921190.134400
1566133695.839999
4402087348.444806
9368234860.538416

631547.280000
1114923.852000
6382733.884800
3460735.152000
193970542.735201
80367873.986400
15210681.292800
318836390.409600
279795237.119999
7142100002.805599
8041870668.518402

2055257.568000
3625567.192800
10423029.120000
3871210.896000
1069203479.467208
304195599.069602
71203955.020800
1848558464.726401
1542813627.599999
4477195727.071198
9333644396.260809
