44919385.056000
79272462.326401
252311363.068797
42352132.368000
2646650332.233518
2192513945.479228
82109511.052800
7116012839.846430
1365407618.399993
1214032956.494400
15036885690.859241

50425541.711999
89006711.068801
249818064.787197
60790514.064000
2625698810.195914
2504962905.883206
83868375.225600
6625675781.155190
1480085328.960006
1293583689.467999
15066228832.905643

45257769.648000
79869841.279201
252138560.217598
42885279.024000
2653408887.729519
2232107315.793626
83132093.856000
7140952108.147219
1347595346.159996
1196823081.199200
15075856004.496035

49862606.976000
88012914.746401
250048468.588798
60469682.448000
2618264399.150313
2467977166.099209
86059002.624000
6605562341.750388
1491976770.480012
1327140655.310400
15047097604.459190

86921177.616000
153446556.816001
404904509.385598
86289550.368000
3323181737.383243
3346278407.018383
81515972.563201
9444646597.612823
1067235335.039962
630316342.572000
18625753913.121582

93943047.744000
165842858.311201
396349396.799999
106122134.160001
3286009682.155236
3519169706.824782
80619547.276801
9321897452.918406
957744948.719968
735580152.199200
18664405934.126396

86461161.696000
152634451.788001
403818320.035197
85086431.808001
3324533448.482443
3416837636.032793
79792726.137601
9408586619.376001
1060389674.399964
618476630.352000
18637497189.931221

94976914.032000
167668029.950401
401091875.049597
108094304.976001
3278575271.109634
3515189535.530396
80005616.947200
9217911935.769604
1011605995.679970
768490576.761600
18644540453.498417

84097147.680001
148461057.813600
366676678.636796
100375473.744001
3182603783.066417
3209541839.531971
77537116.742401
8928512213.980801
1098413058.959983
491133503.985600
17688416642.063957

79972598.160000
141182394.444000
350540183.817597
89936650.944000
3033239706.604789
3195689614.639166
78458556.019201
8158586571.475187
1215726114.959995
1010799968.220000
17356072710.832794

83958363.216000
148218802.754400
367565379.014397
100547684.832001
3179900360.868016
3171695160.261567
78409887.494401
8907609362.467199
1123610375.999987
508638309.261600
17671329447.676819

79989751.296000
141212676.326400
354725852.879998
89927214.720001
3037294839.902390
3200750883.321579
83873541.158400
8188845199.180808
1201239112.079993
1002290793.252000
17381173558.475971
