54233537.904000
95721030.266402
474988408.607998
2682246.672000
2860220685.907157
2361168682.588806
56505516.748801
8545987309.171207
901199375.999973
120887669.582400
15473972820.045630

54592194.384000
96373467.187202
515391360.959998
912954.672000
2829807186.175152
2475014342.102409
64830281.510401
8304335776.464018
921065026.559973
257421592.159200
15520299905.796017

54490834.944000
96175258.502401
475465673.625598
2715273.456000
2860220685.907157
2354140958.803202
56701278.412801
8544973618.809599
904814729.279973
121668934.951200
15472220659.190434

53767284.480000
94917183.933602
515712280.540798
927109.008000
2828455475.075952
2459205114.324007
64785963.244801
8295064622.409624
931473261.599976
266287234.483200
15511947164.229586

54506428.704000
96213799.080001
475632990.672000
2351978.832000
2771683608.909541
2305736152.473604
54330387.148800
8475020107.411182
732692605.679998
162772564.920000
15131726377.404003

50913626.400000
89873874.064801
491700912.931199
1670211.648000
2743973531.375936
2319160270.677600
66017630.380801
8111208530.275203
895816729.919978
309505732.166400
15080667811.003189

54395713.008000
96001825.903201
476296773.052799
2359056.000000
2771007753.359941
2321492999.212802
54798311.904000
8432273500.896030
752422510.559996
166131210.924000
15127941695.882420

50402151.072000
88973676.288001
491555539.103998
1799959.728000
2737214975.879935
2299216879.226408
67831416.576001
8020057173.407996
948480855.839967
341590886.968800
15048417986.095179

45982879.488000
81166456.425601
141355475.183998
639304.176000
2591230177.166308
1304768363.808005
68657422.041601
7635382984.656013
1314551768.879997
556915560.633600
13741941527.798372

52730299.440000
93072742.005601
170858133.398398
2712914.400000
2606098999.257511
1451301760.994409
72108265.152001
7710902324.832002
1229446824.479991
519480364.704000
13909812310.615208

45536897.952000
80381880.381601
140859009.849598
592123.056000
2633809076.791116
1311570022.056003
65448562.099201
7688676586.684811
1391911612.559998
398512205.330400
13758944833.754412

49575681.792000
87503628.542401
164596087.219199
2755377.408000
2579740632.823106
1408098037.399209
71544634.694401
7568746305.993612
1275012590.879992
607870160.637600
13816551136.012783
