57955768.416000
102308716.137601
525718388.496000
4380766.992000
2794662697.595945
2501845643.287199
50143534.560000
8607319718.390404
607026692.160004
38638832.282400
15290094968.618368

49029900.192000
86540114.102401
422544114.719999
1802318.784000
2738566686.979135
2144171366.248811
64519781.760001
7997202686.860781
1047832699.199970
296831419.920000
14850399745.087187

57723421.392000
101901287.174401
527888024.294400
4359535.488000
2793310986.496745
2515649031.722398
49933090.771200
8613325818.988806
591959121.600004
42718787.647200
15299168149.893545

48532459.248000
85664692.411201
424839924.028800
1802318.784000
2744649386.925536
2133372207.640806
63874855.833601
8070848504.745593
1019572007.999972
272430084.360000
14866559746.499998

63851769.072000
112709166.292801
574926057.551999
1431946.992000
3180576216.417616
2812717264.879192
66200069.376002
9570364914.163219
859846323.839960
179427192.403200
17423030155.137653

59328019.296000
104734019.628001
506490642.671999
1174809.888000
3185983060.814417
2595701437.946398
66513288.038402
9501743461.728014
1032160970.399953
166316944.600800
17221611162.974346

63369921.888000
111861273.585601
574413134.803199
1519232.064000
3183279638.616017
2816522570.148002
65052960.403202
9640941552.211164
817560245.039971
164741876.880000
17439836190.033615

59604028.848000
105224035.543201
511430609.894399
1186605.168000
3188010627.463218
2581029233.176804
64406131.238401
9583936115.510391
989784127.919954
147785416.178400
17233053318.280792

46435098.528000
81970302.758401
159263884.953598
844542.048000
2357384157.004665
1305876242.479206
72926385.772800
6633440010.220800
1345315058.639990
1217486352.583201
13222311255.081631

46522423.584000
82127217.967201
159538175.193599
2153818.128000
2402666478.827873
1352385091.495207
79401202.809600
6667836542.102404
1422844834.319992
1091912102.383200
13308416293.284018

45262447.776000
79883605.771201
155426564.495998
835105.824000
2331701646.119860
1286751255.535205
77748376.204800
6468468561.206427
1396735282.319990
1323853218.811200
13167569126.695215

45042575.760000
79517470.284001
153155441.308798
2123150.400000
2424293856.415077
1322863452.876006
77122754.553601
6723169656.000016
1459953784.799992
1008813862.980000
13297417026.751175
