1029769807.248003
1817928763.509634
1727803594.003191
378206216.975991
8336678204.314114
12954550544.224785
134773748.928000
23262971807.712116
657790578.479985
80071758.480000
50380699699.982582

921146793.839995
1626175625.457631
1539294883.660800
313263764.351995
8334650637.665315
11962213811.755188
135781649.606400
23831221592.841629
771549456.719948
88592224.929600
49524036452.402344

1030100394.960003
1818479343.189625
1725861619.103999
387191861.279993
8342085048.710911
12992268043.188059
135816179.788799
23219371582.780910
684430318.319997
66078903.861600
50402116685.759995

915835559.184004
1616760712.929620
1522829240.553597
319036374.383992
8331947215.466916
11895859244.203140
136176979.411200
23800160830.118317
819557445.839944
96755964.127200
49454976569.409676

1083290710.320002
1912388966.308824
1807479422.918396
410579542.463986
8515104069.408421
13524329433.467979
136120154.150399
23575358571.004696
649103454.719985
5611972.312800
51619469379.827942

976125713.471998
1723198776.667236
1636785863.664001
344636850.095988
8513752358.309221
12684187582.684725
137261009.625600
23989175322.067245
791344135.679957
7776340.219200
50804243952.487152

1080287352.144003
1907111660.076027
1800139416.096004
417508089.935989
8515779924.958020
13467337287.448790
134240842.176001
23802513680.601582
527488720.080030

51652406973.518257

966367138.463997
1705998667.464035
1618976198.380806
350588748.383988
8514428213.858821
12575776554.448782
139348318.367998
24365933494.492748
591958122.000007
5766184.603200
50835141640.466446

1161387379.152002
2050256871.079228
2006402933.673596
244803959.232000
7429680056.751387
13001298061.735214
119070944.563200
19801676359.919891
476174254.080008

46290750820.187798

1102046884.847997
1945492569.568822
1914326443.007998
211744148.448000
7429680056.751387
12459468198.408070
119308577.472000
20142413610.480042
520812191.760010

45845292680.745583

1157147435.807997
2042774493.228021
2001764685.715190
248311875.503998
7429680056.751387
12927313191.525620
119706898.080000
19865717565.187241
469991328.240009

46262407530.040932

1100085189.840000
1942032176.280025
1909770482.121594
214943028.383999
7429680056.751387
12419614892.109581
119199820.992000
20183382264.460804
513440741.520015

45832148652.461098
