332879994.720002
587641951.159206
731430582.691195
141482024.544000
5376430897.067657
6254084587.111202
88299658.003201
16448375033.193628
511912353.120010

30472537081.610378

344338289.568002
607878507.297608
755299319.376000
139785863.280000
5376430897.067657
6237984309.799195
88046527.296000
16578761177.865650
432172461.840009

30560697353.390438

336360521.952002
593791926.184806
741003312.067199
143579225.328001
5376430897.067657
6325835583.227992
89259433.939200
16399201582.444815
508010114.640015

30513472596.851955

341479953.360002
602829691.632005
756092018.169598
136586983.344001
5376430897.067657
6228624251.320820
87791765.241601
16575777803.692804
439121081.280010

30544734445.108772

308874960.576003
545277597.681604
699119192.419197
120826130.208001
5133798754.761384
5771954536.303184
83822697.504001
16174014677.251184
274434982.079977

29112123528.784836

318734895.024003
562667656.874404
718678829.433596
120172671.696001
5133798754.761384
5820094680.539983
83736779.884801
15974962697.903954
385297419.360003

29118144385.478428

311923540.656002
550642996.663203
708582205.699198
122300540.208000
5133798754.761384
5839138142.107218
84117971.347201
15830772788.947163
472776013.920010

29054052954.309601

317580956.784002
560619500.464806
719293239.571198
119030888.592001
5133798754.761384
5859744370.317616
84044832.614401
15964652407.670446
371910576.240002

29130675527.015999

334018339.200003
589646061.194410
732154708.924801
142243999.632001
5536608662.322774
6327774469.363195
90265975.161600
17339658880.991970
314248650.239991

31406619747.031292

346289068.944002
611333394.789607
758791034.131198
142312412.256000
5537284517.872374
6302864331.405606
90367390.579201
17298776624.438400
355216856.400002

31443235630.816780

336667719.024002
594312223.982403
741230972.966397
143444759.136001
5536608662.322774
6309733730.546399
90133836.038400
17363149217.097553
308106308.159988

31423387429.274414

344907461.808003
608894326.807208
760680893.884800
139755195.552000
5537284517.872374
6343432855.502384
90223288.243201
17293361399.395218
338388590.399999

31456928529.465515
