1794841.776000
3168586.058400
9350554.281600
4833705.744000
863067536.839206
250617672.816001
55561238.611200
1454461334.659201
1269242499.839994
5136506183.356800
9048723964.039179

1118072.592000
1973828.152800
7567667.721600
4845501.024000
461609340.376803
144742989.636000
32234604.998400
773375326.079999
677234997.599998
6425326974.746397
8530068189.367193

1612394.784000
2846496.945600
9331353.964800
4836064.800000
783992437.536005
226586591.095201
53621566.790400
1345329548.841598
1137474228.239993
5397372571.046395
8963454367.526382

1161735.120000
2050909.308000
7762413.792000
4845501.024000
486615995.712003
151584425.966400
33009223.027200
820469320.943999
710814960.239997
6346551561.520800
8564937536.047193

1861894.944000
3286960.689600
9984164.736000
2512394.640000
976611269.172007
286335633.914402
63824827.852800
1663032120.960001
1423141515.599994
4810378978.440001
9241172961.635979

971491.248000
1715055.703200
6879199.219200
5218231.872000
323058952.708802
115346986.742400
21541939.776000
541494691.449599
467167058.399999
6804249836.949599
8287643444.068797

1829148.048000
3229149.823200
9984164.736000
2526548.976000
961742447.080807
278670673.125601
63386539.238400
1634848510.915204
1405171306.559992
4857785836.108809
9219290694.045601

924709.968000
1632468.751200
6876456.316800
5204077.536000
307514275.068002
111895351.948800
21680604.288000
509167851.360000
448009924.319999
6866366924.171995
8279272643.728801

1996001.280000
3523709.952000
28751102.956800
8634144.960000
152067498.660001
226382186.889600
10703540.870400
260279942.361600
128634125.760000
7682416255.819198
8503388509.509605

3733146.144000
6590438.769600
33008087.481600
10832785.152000
1134085612.228797
468859137.297601
71750184.441600
1962871433.241603
1560801429.599995
4609716715.464005
9862401900.623972

2000679.408000
3531968.647200
28764817.468800
8636504.016000
158150198.606401
206143807.480800
11329706.304000
281081306.486400
141624327.600000
7664370666.943199
8505633982.960802

3647380.464000
6439029.357600
33002601.676800
10839862.320000
1096237701.451204
454784391.448801
70493231.424000
1903513146.057600
1503864013.679992
4733762013.489598
9817001524.041582
