2136345.120000
3771470.808000
10946923.478400
2467572.576000
1161119834.212793
325725781.550402
76465321.632000
1982857939.440005
1695437153.759992
4255830478.603209
9517131663.984007

609716.016000
1076383.274400
5834153.404800
5189923.200000
126384987.775200
72339396.662400
9728810.918400
198166405.718400
179169903.360000
7427553409.752001
8026053090.081604

2164413.888000
3821022.979200
10941437.673600
2486445.024000
1167202534.159192
334425760.166402
76146665.145600
2002405949.107203
1694554107.119991
4234114470.482399
9528746072.361616

600359.760000
1059865.884000
5842382.112000
5154537.360000
121653998.928000
69071686.269600
9748658.976000
196495562.323200
168939197.280000
7435094837.973601
8013681462.712800

1259975.808000
2224341.907200
8522197.756800
5024789.280000
464312762.575203
150747904.708800
31353677.510400
804330163.190399
660455911.919997
6411932674.610400
8540164399.267198

1847860.560000
3262184.604000
9805876.080000
4840782.912000
852253848.045606
244550530.644001
55739055.456000
1453704469.526402
1243049781.119993
5170874248.629601
9040070774.699976

1275569.568000
2251870.891200
8535912.268800
5022430.224000
461609340.376803
149260755.806400
31272925.824000
783742129.699199
666134239.679998
6424008334.413596
8533405821.779991

1726229.232000
3047458.528800
9827819.299200
4833705.744000
796157837.428805
229309617.448801
53911674.700800
1362523820.380799
1157958631.199994
5353210996.744796
8972682924.626375

902878.704000
1593928.173600
6643309.612800
5001198.720000
312245263.915202
109819802.500800
21717037.708800
513159885.907200
459335992.079999
6844918980.782398
8275338278.104798

1932066.864000
3410841.117600
10126795.660800
2479367.856000
1014459179.949607
288215443.689602
65771296.953600
1731597060.009603
1480124513.279993
4721350676.011204
9319561265.767202

857656.800000
1514094.120000
6651538.320000
5031866.448000
286562753.030402
103224123.828000
20912783.539200
476504298.009600
416738237.999999
6928974727.029601
8247077524.929598

1799519.904000
3176844.753600
10129538.563200
2448700.128000
951604613.836807
273489282.511201
63794647.929600
1621023147.273601
1389275867.279991
4926711536.796004
9243799574.570400
