97685550.144001
172433297.080800
525490727.596797
110984148.576001
3361029648.160850
3699468394.490387
95251372.204800
9370947521.039989
1038752732.639957
1946692481.411999
20419739213.848839

110026451.808001
194239005.307200
616390513.132797
132951678.048000
3421856647.624861
3947491827.417590
90186311.040000
9839295250.982393
760941101.759962
1714729535.719200
20830387668.736698

99084310.416001
174905399.844001
534320130.422398
112130649.792001
3372519192.504052
3680072443.975186
94099097.299199
9451877648.035170
1024588000.799962
1904343309.859199
20449059049.221645

110420973.936001
194916218.313601
617512360.214399
132854956.752000
3423208358.724061
3965163142.063210
89704247.942400
9793051619.836779
788724783.839962
1703136720.700800
20820021932.690407

111172593.168001
196254126.936001
547508005.161598
135735364.128000
3484035358.188072
3993776186.265584
102120975.263999
9609643492.444786
1063801509.119959
2012357570.865597
21257804255.688034

124208976.528001
219251840.169600
613532408.831997
160606891.535998
3529993535.560881
4164664009.783182
94646958.067200
10011529705.632004
832691590.079949
1819702629.679199
21572673955.408802

111801021.696001
197371803.686401
550130219.855999
136273228.896000
3486062924.836873
3983388592.965582
100952114.995200
9606883212.998417
1077375277.439958
2006775816.460801
21258432560.265675

124082667.072001
219034361.196001
615378382.147199
160234160.687998
3528641824.461680
4160545993.648779
94799760.921600
10025196180.854376
821546449.919957
1823839294.351200
21575076294.088875

111005739.936001
195965072.604001
512645715.657600
133999098.912000
3427263492.021662
3923179148.380783
105771930.297599
9287083432.099192
1160696535.599972
1902188326.197597
20761645004.805584

130176708.480001
229798193.940001
614253792.163198
164145475.536000
3457676991.753667
4216620880.718392
100240303.833600
9614052128.284811
870920692.319974
1757051486.164799
21156582328.660873

111094624.368000
196119234.914402
515588849.932798
134133565.104000
3433346191.968063
3919838577.143987
108739350.854400
9227805328.828785
1218737509.919984
1894444746.868799
20762367049.872055

130214133.504001
229864263.501602
615559413.705599
163975623.504000
3457001136.204067
4192457074.108783
102170187.571200
9604452545.654425
887374108.319969
1762868086.593599
21146940225.045605
