199989972.000001
353056466.901604
470311760.015999
159604292.736000
4200442240.764204
5055661154.308799
76334813.856001
12304917455.443205
681397731.839988
119481770.167200
23621484747.151176

205185812.832001
362207101.183203
486988606.607997
161078702.735999
4199766385.214604
5057280240.415197
78474325.708801
12371398500.383978
633530486.399999
122361899.654400
23679005745.544708

199676537.424001
352475605.339202
470149928.774399
159441517.872000
4195711251.917003
5058811105.823997
76892734.598401
12282935227.852808
683280778.319988
135365084.299200
23615042559.057518

205307444.160001
362424580.156802
487616731.257598
161788778.592000
4195711251.917003
5066186592.448813
75633606.451201
12359222380.780788
627230807.279999
130932683.968800
23672644105.219257

192419201.520000
339671874.880802
458119558.847999
147457513.392000
4194359540.817803
4864898861.759992
77337820.492801
12411286298.880013
691127438.399985
129258068.083200
23506786794.691113

198006445.728001
349557533.035204
473855589.916797
148356313.728000
4196387107.466603
4908696105.852000
76327472.793601
12390967221.763191
687214404.239990
119503443.494400
23549104630.783203

192423879.648001
339702156.763202
458251218.163197
147049396.704000
4202469807.413004
4880890832.412002
76226873.049601
12382235459.865562
725773174.559973
97797215.460000
23503470887.584785

197393610.960001
348459126.573603
473973534.719997
148191179.808000
4201118096.313804
4919494870.617592
76211375.251201
12415578653.251217
678491894.639991
105468339.782400
23565041345.546318

203239711.584001
358779742.675203
476091055.372797
160404012.720000
4212607640.657006
5067430740.590417
76150471.622401
12389246670.259203
652799775.600001
100097353.036800
23697112208.061584

207192729.744000
365769351.712803
483982385.577599
161312249.280000
4213959351.756207
5049289965.804014
76369344.038401
12384279705.840010
669331960.079992
105211734.465600
23717557994.474407

203791730.688000
359751515.810403
477094957.651199
161239118.544000
4207876651.809805
5066906536.355974
76249440.019201
12317857541.337589
689219601.839992
123790527.974400
23684545674.686447

207276936.048001
365923514.023205
484297819.353600
161406611.520000
4215986918.405007
5086512798.712797
74801619.379201
12405296767.651220
641162832.239994
90913440.072000
23734329587.152683
