890336642.832000
1571753576.988016
1566715678.953623
259180046.495999
7735166765.170427
11412463383.921661
131206264.492800
20923386880.166321
1366243883.759971
491755880.935200
46349373343.795273

868441444.415994
1533091871.858422
1512496727.212825
252242062.799998
7736518476.269627
11164808981.323271
133170950.303999
21015146273.721710
1434150710.160020
498008117.040000
46149896442.484909

879968351.808002
1553471578.713614
1548963614.620822
254086844.591998
7726380643.025632
11245974780.012060
133677755.500800
20797070882.784054
1511288642.640011
534690914.049600
46186901480.546593

845651164.175995
1492869273.336020
1479041546.640028
245674450.895999
7714891098.682438
10909053240.556801
138255859.526400
20841224702.188797
1621442363.520064
589713684.134400
45878817283.538452

913267266.911993
1612262476.944027
1618828081.651215
269979804.863997
8024432940.399076
11838889547.200872
143788573.555201
21554664771.964920
1519926186.240089
512847213.026400
48010423205.976044

906998575.391992
1601195825.376017
1605999527.126430
271685402.351998
8029839784.795874
11769736729.396914
143292915.897600
21690708764.592045
1477749663.600040
491526724.634400
47989306619.990601

901274106.095997
1591062406.365618
1601358536.265626
266931904.511998
8006184840.559886
11632226261.594469
148573586.784003
21509582476.099197
1604531130.720079
597717905.164800
47861302534.113609

884994220.655997
1562313888.374420
1576134805.795217
267651416.591999
8005508985.010286
11473486506.904886
149786765.318401
21486559632.921555
1699310603.760069
607520878.406400
47716157873.210442

964750065.551997
1703110877.042420
1688547174.854406
156620086.896000
6899133450.315663
10521759651.984022
111738038.899201
18656810737.420788
1048473242.879913
45979286.925600
41797147184.906342

959568259.103998
1693968501.456024
1684959458.515212
159863788.896001
6896430028.117265
10462407602.304060
112437343.065600
18453141229.824062
1209229114.799956
57189215.160000
41689774731.074631

954247668.191993
1684572859.216815
1674777804.806408
153756192.912001
6895754172.567665
10391379700.833641
112730985.561600
18616478228.879990
1133271509.999951
64660867.303200
41682553402.761856

948768020.927994
1674904680.036022
1669774750.828812
157952953.536000
6896430028.117265
10346603364.535208
113177702.803200
18527956963.555096
1217060381.039951
61191523.596000
41614352510.035233
