1292722.704000
2282152.773600
8050418.544000
4869091.584000
555553261.771204
168657494.006400
36848870.553600
933880738.223999
815478877.919997
6089427728.210397
8616349916.865585

1578088.512000
2785933.180800
8812945.411200
4831346.688000
754930648.903205
219074441.157601
50494274.208000
1279808935.574400
1105525412.879992
5551346080.996802
8979296993.940001

1185125.760000
2092202.784000
8044932.739200
4871450.640000
510946795.497603
163214592.038400
36021233.740800
866474767.401600
741038465.999998
6237723666.098400
8571683626.531189

1606157.280000
2835485.352000
8815688.313600
4831346.688000
773178748.742405
226711045.293601
51153882.259200
1311582477.072001
1130421850.319993
5492197647.837605
9003406194.400787

2582326.656000
4558799.750400
12137343.120000
4902118.368000
1224650255.875182
360207865.197603
80401490.534400
2105544948.998404
1769910752.399992
4033425460.209593
9598439016.028830

707956.704000
1247062.975200
6223645.545600
5484805.200000
64882132.761600
53579895.465600
5900039.040000
105699263.376000
80760882.720000
7694474110.747199
8018959794.535198

2672770.464000
4718467.857600
12233344.704000
4869091.584000
1254387900.057577
359464684.588802
81823481.510400
2146625742.105607
1824502706.879992
3939187024.668004
9630505590.266373

715753.584000
1263580.365600
6251074.569600
5565013.104000
62178710.563200
50137319.047200
5759471.289600
103151426.918400
77714901.600000
7702416132.667198
8015153383.708798

1249060.176000
2205071.618400
7885844.400000
4843141.968000
546091284.076804
178169181.808800
37016355.532800
916835886.892799
796238577.119997
6153614033.414397
8644284602.519981

1515713.472000
2675817.244800
9109178.870400
4880886.864000
704241482.683205
219526966.075201
48218816.755200
1206469651.027199
1015193360.159993
5634353180.870399
8846340413.853580

1298960.208000
2293164.367200
7883101.497600
4845501.024000
564339383.916004
173731759.488000
37212660.979200
951930403.468800
824916701.279996
6091903675.435205
8660506235.270393

1593682.272000
2813462.164800
9109178.870400
4847860.080000
737358404.613605
224415337.944001
48499952.256000
1237485143.865602
1082942649.599993
5523243904.365599
8872309576.031990
